1772494151779 8.748869283699696 0
1772494192305 6.136436742029073 1
1772494232757 4.917949704476345 2
1772494273543 4.859499004887946 3
1772494313847 4.60089663149398 4
1772494359050 4.788546551892787 5
1772494398600 4.6926788945256925 6
1772494437228 5.100701372564575 7
1772494476334 4.596575191727391 8
1772494515651 4.460830168959535 9
1772494556866 4.41614388095008 10
1772494596812 4.153536385224189 11
1772494636263 4.182547669351837 12
1772494675787 4.214684391463244 13
1772494714563 4.215620656808217 14
1772494151779 8.748869283699696 0
