1772493277880 0.0001 0
1772493318093 9.938441702975689e-05 1
1772493357318 9.755282581475769e-05 2
1772493396373 9.45503262094184e-05 3
1772493435550 9.045084971874738e-05 4
1772493473236 8.535533905932738e-05 5
1772493514297 7.938926261462366e-05 6
1772493565391 7.269952498697734e-05 7
1772493616724 6.545084971874738e-05 8
1772493668049 5.782172325201156e-05 9
1772493719021 5.000000000000001e-05 10
1772493770852 4.217827674798848e-05 11
1772493819991 3.454915028125264e-05 12
1772493859058 2.730047501302267e-05 13
1772493897623 2.0610737385376356e-05 14
1772493936721 1.464466094067263e-05 15
1772493974755 9.549150281252635e-06 16
1772494015660 5.4496737905816115e-06 17
1772494069348 2.4471741852423237e-06 18
1772494109706 6.155829702431171e-07 19
1772493277880 0.0001 0
