1772494756569 0.0001 0
1772494797887 9.972609476841367e-05 1
1772494837843 9.890738003669029e-05 2
1772494877204 9.755282581475769e-05 3
1772494917413 9.567727288213003e-05 4
1772494957430 9.330127018922194e-05 5
1772494998031 9.045084971874738e-05 6
1772495039366 8.715724127386972e-05 7
1772495079448 8.345653031794292e-05 8
1772495119871 7.938926261462366e-05 9
1772495161377 7.500000000000001e-05 10
1772495202214 7.033683215379003e-05 11
1772495243060 6.545084971874738e-05 12
1772495282860 6.039558454088797e-05 13
1772495323372 5.522642316338269e-05 14
1772495365596 5.000000000000002e-05 15
1772495406210 4.4773576836617344e-05 16
1772495446300 3.9604415459112035e-05 17
1772495488489 3.4549150281252636e-05 18
1772495530167 2.9663167846209998e-05 19
1772495573470 2.5000000000000018e-05 20
1772495617938 2.0610737385376356e-05 21
1772495659429 1.654346968205711e-05 22
1772495700074 1.2842758726130297e-05 23
1772495739748 9.549150281252636e-06 24
1772495780111 6.698729810778068e-06 25
1772495820082 4.322727117869953e-06 26
1772495860823 2.447174185242324e-06 27
1772495901437 1.092619963309716e-06 28
1772495942443 2.7390523158633003e-07 29
1772494756569 0.0001 0
