1772494151792 0.0001 0
1772494192319 9.890738003669029e-05 1
1772494232767 9.567727288213005e-05 2
1772494273553 9.045084971874738e-05 3
1772494313858 8.345653031794292e-05 4
1772494359055 7.500000000000001e-05 5
1772494398610 6.545084971874738e-05 6
1772494437238 5.522642316338269e-05 7
1772494476344 4.4773576836617344e-05 8
1772494515666 3.454915028125264e-05 9
1772494556876 2.5000000000000018e-05 10
1772494596824 1.654346968205711e-05 11
1772494636272 9.549150281252635e-06 12
1772494675796 4.322727117869952e-06 13
1772494714573 1.092619963309716e-06 14
1772494151792 0.0001 0
