1772494756557 1.0123722873352192 0
1772494797877 0.993552115228441 1
1772494837832 0.9540822093869433 2
1772494877193 0.9053378818947592 3
1772494917404 0.8741052606959402 4
1772494957419 0.8551152609748605 5
1772494998018 0.8333493467466331 6
1772495039355 0.8190280136502819 7
1772495079436 0.8145560850331812 8
1772495119862 0.7963966672067289 9
1772495161368 0.7905650444236803 10
1772495202205 0.7826754712028268 11
1772495243050 0.7740052452793827 12
1772495282853 0.776244592519454 13
1772495323363 0.7642005406044148 14
1772495365585 0.7576215719735181 15
1772495406200 0.7583253769962875 16
1772495446291 0.7514567820378292 17
1772495488476 0.7460567498648608 18
1772495530155 0.742723372247484 19
1772495573459 0.7351418656331522 20
1772495617925 0.7326703067914939 21
1772495659417 0.7367839253978965 22
1772495700063 0.7384153052612588 23
1772495739739 0.7313548999804037 24
1772495780100 0.7356594940762461 25
1772495820073 0.7299130621515675 26
1772495860811 0.733132736918367 27
1772495901426 0.7353290933885692 28
1772495942432 0.7341630241753142 29
1772494756557 1.0123722873352192 0
