1772493277860 0.21550966486518766 0
1772493318075 0.13217857792789553 1
1772493357304 0.11587311925343526 2
1772493396355 0.10837586373550656 3
1772493435535 0.10125521821096356 4
1772493473224 0.0954933358517326 5
1772493514281 0.0894744645252272 6
1772493565376 0.08463029574924781 7
1772493616710 0.08347557232151796 8
1772493668034 0.08010422196929101 9
1772493719006 0.07718744825709749 10
1772493770838 0.07476616699110579 11
1772493819979 0.07497765747025426 12
1772493859044 0.07524954617299416 13
1772493897607 0.071377693158057 14
1772493936702 0.07038300041753201 15
1772493974739 0.07115236563998976 16
1772494015607 0.06892816520031587 17
1772494069329 0.06884750136300738 18
1772494109689 0.07018271129992273 19
1772493277860 0.21550966486518766 0
