1772497196075 0.0001 0
1772497234659 9.990133642141359e-05 1
1772497278211 9.96057350657239e-05 2
1772497322702 9.911436253643444e-05 3
1772497367169 9.842915805643155e-05 4
1772497411325 9.755282581475769e-05 5
1772497455797 9.648882429441257e-05 6
1772497499826 9.524135262330098e-05 7
1772497543999 9.381533400219317e-05 8
1772497588385 9.221639627510075e-05 9
1772497632818 9.045084971874735e-05 10
1772497677315 8.852566213878945e-05 11
1772497721750 8.644843137107056e-05 12
1772497766436 8.422735529643442e-05 13
1772497810730 8.187119948743447e-05 14
1772497855236 7.938926261462366e-05 15
1772497900241 7.679133974894982e-05 16
1772497945320 7.408768370508575e-05 17
1772497990249 7.128896457825361e-05 18
1772498035039 6.840622763423389e-05 19
1772498079609 6.545084971874736e-05 20
1772498124465 6.243449435824272e-05 21
1772498168912 5.9369065729286224e-05 22
1772498213476 5.626666167821521e-05 23
1772498257904 5.3139525976465657e-05 24
1772498302102 4.999999999999998e-05 25
1772498346755 4.6860474023534314e-05 26
1772498391075 4.3733338321784775e-05 27
1772498435531 4.063093427071375e-05 28
1772498480000 3.756550564175724e-05 29
1772498524624 3.454915028125263e-05 30
1772498569348 3.1593772365766105e-05 31
1772498613988 2.8711035421746357e-05 32
1772498658664 2.591231629491422e-05 33
1772498703217 2.3208660251050148e-05 34
1772498747717 2.061073738537634e-05 35
1772498792609 1.8128800512565503e-05 36
1772498836825 1.5772644703565555e-05 37
1772498881437 1.3551568628929426e-05 38
1772498925950 1.1474337861210536e-05 39
1772498970057 9.549150281252626e-06 40
1772499014695 7.783603724899252e-06 41
1772499059245 6.184665997806817e-06 42
1772499103530 4.75864737669903e-06 43
1772499147882 3.5111757055874303e-06 44
1772499192143 2.4471741852423216e-06 45
1772499236654 1.5708419435684504e-06 46
1772499281497 8.856374635655631e-07 47
1772499327214 3.942649342761114e-07 48
1772499372404 9.866357858642197e-08 49
1772497196075 0.0001 0
