1772497196065 0.21429149029247554 0
1772497234631 0.14019422918374155 1
1772497278196 0.11895278809063228 2
1772497322681 0.10882351243937458 3
1772497367155 0.10289937726877353 4
1772497411309 0.09718068907566277 5
1772497455784 0.09638044362266858 6
1772497499810 0.09727201514222004 7
1772497543986 0.09266251028963814 8
1772497588370 0.08577637645749399 9
1772497632804 0.08018675437312067 10
1772497677301 0.07911072528840583 11
1772497721737 0.07537850183377295 12
1772497766421 0.07448870258658756 13
1772497810716 0.07384520412687166 14
1772497855223 0.07137942876390836 15
1772497900227 0.0679065715636552 16
1772497945305 0.0682452207684149 17
1772497990235 0.06523184984186549 18
1772498035023 0.06760961560095534 19
1772498079593 0.0650557255671348 20
1772498124450 0.0640126966100968 21
1772498168896 0.06444435603456733 22
1772498213461 0.06337880224771338 23
1772498257889 0.060975046966362884 24
1772498302087 0.06273855248259173 25
1772498346741 0.062389747251147105 26
1772498391061 0.06009655074434884 27
1772498435516 0.058776882396619996 28
1772498479983 0.05947535878254308 29
1772498524609 0.058585458975515245 30
1772498569332 0.05756801372554935 31
1772498613971 0.05795477488204653 32
1772498658648 0.05627955413526959 33
1772498703201 0.05758159796212926 34
1772498747700 0.053867416387354886 35
1772498792593 0.05489645124539549 36
1772498836811 0.05376275797822961 37
1772498881422 0.05456551662243811 38
1772498925934 0.05296805043371371 39
1772498970042 0.053298578666592086 40
1772499014679 0.05097345174232751 41
1772499059231 0.05153295286229731 42
1772499103515 0.053107043969686386 43
1772499147866 0.05231689205278217 44
1772499192128 0.05297746310401478 45
1772499236638 0.050741851030860416 46
1772499281483 0.05242076559843105 47
1772499327200 0.050710755239390296 48
1772499372386 0.053380793075502656 49
1772497196065 0.21429149029247554 0
