1772500637551 0.0001 0
1772500679435 9.997532801828658e-05 1
1772500720855 9.990133642141359e-05 2
1772500764308 9.977809823015401e-05 3
1772500806835 9.960573506572391e-05 4
1772500850402 9.93844170297569e-05 5
1772500893368 9.911436253643445e-05 6
1772500935369 9.879583809693738e-05 7
1772500977262 9.842915805643157e-05 8
1772501019286 9.801468428384717e-05 9
1772501061054 9.75528258147577e-05 10
1772501103106 9.70440384477113e-05 11
1772501144831 9.64888242944126e-05 12
1772501186430 9.588773128419907e-05 13
1772501228295 9.5241352623301e-05 14
1772501270392 9.455032620941843e-05 15
1772501312537 9.381533400219321e-05 16
1772501353894 9.303710135019722e-05 17
1772501395874 9.22163962751008e-05 18
1772501437356 9.135402871372814e-05 19
1772501479089 9.045084971874742e-05 20
1772501520794 8.950775061878456e-05 21
1772501562503 8.85256621387895e-05 22
1772501604511 8.750555348152302e-05 23
1772501646075 8.644843137107061e-05 24
1772501687898 8.53553390593274e-05 25
1772501730439 8.422735529643446e-05 26
1772501772086 8.306559326618262e-05 27
1772501813855 8.187119948743451e-05 28
1772501855265 8.064535268264886e-05 29
1772501897053 7.93892626146237e-05 30
1772501938859 7.810416889260657e-05 31
1772501980525 7.679133974894987e-05 32
1772502022219 7.545207078751861e-05 33
1772502063814 7.40876837050858e-05 34
1772502105762 7.269952498697738e-05 35
1772502147374 7.128896457825368e-05 36
1772502189209 6.985739453173907e-05 37
1772502230826 6.840622763423395e-05 38
1772502272636 6.693689601226463e-05 39
1772502314298 6.545084971874742e-05 40
1772502356068 6.394955530196153e-05 41
1772502397820 6.243449435824278e-05 42
1772502439402 6.090716206982718e-05 43
1772502481305 5.9369065729286285e-05 44
1772502522883 5.782172325201159e-05 45
1772502564627 5.626666167821527e-05 46
1772502606333 5.470541566592576e-05 47
1772502647789 5.313952597646572e-05 48
1772502689819 5.157053795390646e-05 49
1772502731959 5.000000000000004e-05 50
1772502773932 4.8429462046093626e-05 51
1772502815531 4.686047402353437e-05 52
1772502857277 4.5294584334074315e-05 53
1772502899243 4.373333832178482e-05 54
1772502940860 4.217827674798849e-05 55
1772502982692 4.06309342707138e-05 56
1772503024291 3.909283793017292e-05 57
1772503066161 3.756550564175729e-05 58
1772503108162 3.6050444698038574e-05 59
1772503149796 3.4549150281252677e-05 60
1772503191772 3.306310398773547e-05 61
1772503233802 3.159377236576615e-05 62
1772503275927 3.0142605468260998e-05 63
1772503317625 2.8711035421746398e-05 64
1772503359605 2.7300475013022693e-05 65
1772503401820 2.591231629491426e-05 66
1772503444936 2.4547929212481463e-05 67
1772503487077 2.3208660251050185e-05 68
1772503528692 2.1895831107393494e-05 69
1772503570748 2.0610737385376376e-05 70
1772503613647 1.9354647317351195e-05 71
1772503655623 1.8128800512565537e-05 72
1772503697585 1.6934406733817437e-05 73
1772503739870 1.5772644703565586e-05 74
1772503782447 1.4644660940672647e-05 75
1772503824398 1.3551568628929453e-05 76
1772503866502 1.2494446518477044e-05 77
1772503908646 1.1474337861210558e-05 78
1772503950284 1.0492249381215494e-05 79
1772503992037 9.549150281252647e-06 80
1772504033516 8.64597128627193e-06 81
1772504075278 7.783603724899268e-06 82
1772504117229 6.9628986498028216e-06 83
1772504159423 6.184665997806829e-06 84
1772504201746 5.449673790581617e-06 85
1772504243544 4.758647376699038e-06 86
1772504285421 4.112268715800959e-06 87
1772504327262 3.5111757055874366e-06 88
1772504368928 2.9559615522887307e-06 89
1772504411202 2.4471741852423263e-06 90
1772504453388 1.9853157161528544e-06 91
1772504495519 1.5708419435684534e-06 92
1772504537546 1.2041619030626351e-06 93
1772504579217 8.85637463565565e-07 94
1772504621143 6.155829702431178e-07 95
1772504662828 3.9426493427611224e-07 96
1772504702586 2.2190176984600045e-07 97
1772504740794 9.866357858642217e-08 98
1772504779227 2.4671981713420026e-08 99
1772500637551 0.0001 0
