1772499414084 5.621193247812766 0
1772499454835 3.13229947472796 1
1772499495380 2.6898605315773576 2
1772499536116 2.3925155404909155 3
1772499576862 2.650887351345133 4
1772499618529 2.0050655445198955 5
1772499659655 1.7830761073180188 6
1772499700043 1.926299375884327 7
1772499740934 1.6752900146407845 8
1772499781690 1.6519264602734718 9
1772499822709 1.4347695772662574 10
1772499863244 1.43862962078901 11
1772499903925 1.2430665366075657 12
1772499944651 1.2354045526848898 13
1772499985303 1.3148772458971283 14
1772500025982 1.1826299749038838 15
1772500066318 1.243031543346099 16
1772500107077 1.1306978984747404 17
1772500147910 1.2429815975972165 18
1772500188499 1.2089756938778324 19
1772500229146 1.1772543948005747 20
1772500269596 1.196298462741169 21
1772500310371 1.108166785335835 22
1772500351216 1.1302813094707183 23
1772500392148 1.1187787508523022 24
1772500432245 1.111613012942267 25
1772500472492 1.1713668041759067 26
1772500513219 1.194711219565368 27
1772500553657 1.1258518287429102 28
1772500594259 1.156485366600531 29
1772499414084 5.621193247812766 0
