1772499414096 0.0001 0
1772499454845 9.972609476841367e-05 1
1772499495390 9.890738003669029e-05 2
1772499536126 9.755282581475769e-05 3
1772499576870 9.567727288213003e-05 4
1772499618541 9.330127018922194e-05 5
1772499659668 9.045084971874738e-05 6
1772499700053 8.715724127386972e-05 7
1772499740944 8.345653031794292e-05 8
1772499781700 7.938926261462366e-05 9
1772499822720 7.500000000000001e-05 10
1772499863252 7.033683215379003e-05 11
1772499903935 6.545084971874738e-05 12
1772499944663 6.039558454088797e-05 13
1772499985313 5.522642316338269e-05 14
1772500025992 5.000000000000002e-05 15
1772500066328 4.4773576836617344e-05 16
1772500107087 3.9604415459112035e-05 17
1772500147921 3.4549150281252636e-05 18
1772500188510 2.9663167846209998e-05 19
1772500229157 2.5000000000000018e-05 20
1772500269607 2.0610737385376356e-05 21
1772500310381 1.654346968205711e-05 22
1772500351227 1.2842758726130297e-05 23
1772500392157 9.549150281252636e-06 24
1772500432256 6.698729810778068e-06 25
1772500472503 4.322727117869953e-06 26
1772500513230 2.447174185242324e-06 27
1772500553670 1.092619963309716e-06 28
1772500594269 2.7390523158633003e-07 29
1772499414096 0.0001 0
