1772500637541 1.0118126523347548 0
1772500679424 0.9918892173855393 1
1772500720847 0.9485178369062918 2
1772500764300 0.9032235870390762 3
1772500806825 0.8672713872827129 4
1772500850392 0.8467065158449574 5
1772500893357 0.8271516469525703 6
1772500935359 0.8109123272660338 7
1772500977254 0.8034124952039601 8
1772501019276 0.7877531632964994 9
1772501061044 0.7740493678016427 10
1772501103095 0.7651715308059881 11
1772501144820 0.7572787819821157 12
1772501186419 0.7538662287924025 13
1772501228283 0.740306414939739 14
1772501270382 0.7385212381680807 15
1772501312527 0.7259587472603645 16
1772501353883 0.7287127221072162 17
1772501395864 0.7170512606332331 18
1772501437346 0.7271393419783793 19
1772501479079 0.7085241259616099 20
1772501520783 0.7112219627992606 21
1772501562492 0.7054836382100611 22
1772501604500 0.6989836170349593 23
1772501646064 0.694782535603017 24
1772501687884 0.6852316679777922 25
1772501730428 0.6898181835810343 26
1772501772075 0.6822998222009635 27
1772501813843 0.6815116100105238 28
1772501855256 0.681680386081154 29
1772501897041 0.6754467067895112 30
1772501938848 0.6741899384392632 31
1772501980516 0.6753837525108715 32
1772502022207 0.6691565064736354 33
1772502063805 0.6744812605557619 34
1772502105752 0.6672954787442713 35
1772502147363 0.6655730053230569 36
1772502189193 0.653323839844009 37
1772502230815 0.6538905766275194 38
1772502272626 0.657458946292783 39
1772502314287 0.6539525558919083 40
1772502356058 0.6531928803449796 41
1772502397812 0.6507423693015252 42
1772502439391 0.6463041426958861 43
1772502481295 0.6548350302525509 44
1772502522873 0.6562373995045085 45
1772502564617 0.6584898866253135 46
1772502606322 0.6538193181709007 47
1772502647779 0.6457553402877149 48
1772502689808 0.6502290897899203 49
1772502731945 0.6443798431643734 50
1772502773921 0.6475095925507722 51
1772502815521 0.6353270658004431 52
1772502857267 0.6419541004263325 53
1772502899232 0.6437466479377982 54
1772502940850 0.641594840420617 55
1772502982681 0.6465819996816141 56
1772503024282 0.6373543356671746 57
1772503066151 0.631883571545283 58
1772503108151 0.6346855108384732 59
1772503149785 0.6263328562548132 60
1772503191761 0.6327265581966918 61
1772503233790 0.6329363098850956 62
1772503275916 0.6360891406182889 63
1772503317613 0.6349600325396032 64
1772503359593 0.6308360313191826 65
1772503401810 0.630526081647402 66
1772503444925 0.6258129672503766 67
1772503487066 0.6288348837399188 68
1772503528679 0.6311069395807054 69
1772503570737 0.6255200608277026 70
1772503613634 0.6343465348084768 71
1772503655610 0.6349712492507181 72
1772503697574 0.6242915391921997 73
1772503739860 0.6254451672236124 74
1772503782433 0.62015919589702 75
1772503824389 0.6261856769338067 76
1772503866489 0.6239245254316448 77
1772503908635 0.6211076128629991 78
1772503950274 0.6222862579204418 79
1772503992027 0.6238028024449761 80
1772504033504 0.6166683148454737 81
1772504075266 0.6259541220871019 82
1772504117219 0.622886844255306 83
1772504159412 0.6196473038490907 84
1772504201735 0.6228098475638731 85
1772504243533 0.6244666705160965 86
1772504285411 0.6301008091296678 87
1772504327252 0.6272146819550314 88
1772504368917 0.6211673768214238 89
1772504411192 0.6312322601859952 90
1772504453379 0.6247508157918482 91
1772504495509 0.6224610816549372 92
1772504537536 0.6217957793930431 93
1772504579207 0.6262811893298302 94
1772504621130 0.635682139131758 95
1772504662814 0.622432001578955 96
1772504702578 0.6217146376032888 97
1772504740785 0.6232472761177722 98
1772504779216 0.6249084325484288 99
1772500637541 1.0118126523347548 0
